1.582330413377290590e+01
1.279770837184851118e+01
1.108893156027802362e+01
1.439083053752975694e+01
1.482143055237988349e+01
1.323023641131739403e+01
1.308232488801270321e+01
1.540528291824311857e+01
1.361814387795188175e+01
1.366300848572761772e+01
9.675961543888224270e+00
1.334379193082653359e+01
1.080198675058895752e+01
1.378406396553886459e+01
1.464483034074405765e+01
1.503950147588941100e+01
1.414061048870882153e+01
1.404692947199095876e+01
1.063541895463816722e+01
1.319243105397962168e+01
1.465394132178278319e+01
1.089619694510142978e+01
1.000467346500670374e+01
1.414111037536147286e+01
1.455733731648334484e+01
1.423879554166571637e+01
1.201607191411045505e+01
1.395508236536964120e+01
1.278821091887152583e+01
1.396358138684899330e+01
1.404163054810174671e+01
1.433562811296135031e+01
1.096845936049086312e+01
1.344786551736565983e+01
1.302966404988816684e+01
1.521234613142569359e+01
1.566527867814640729e+01
1.264168555176692621e+01
1.225286659947669854e+01
1.522272053038107664e+01
1.499401034367030938e+01
1.303258824747536693e+01
1.367948970928662433e+01
1.142723510833815048e+01
1.476655086186883814e+01
1.235309691645015029e+01
1.309760607255561382e+01
1.366131646503106367e+01
1.462992369282266125e+01
1.425830526402881304e+01
1.064693782066431993e+01
1.434589188089392131e+01
9.268545826376874075e+00
1.531065683366999330e+01
1.467659016396419602e+01
1.552970169261225486e+01
1.066798657795752447e+01
1.233998387187366852e+01
1.329083715190646586e+01
1.353721129444713256e+01
1.346478773044195876e+01
1.384500449641952891e+01
1.154119377280369463e+01
1.188306246487421092e+01
1.450610526625922247e+01
1.274833559184558851e+01
9.660764198703374106e+00
1.230966973295973332e+01
1.093030720202000694e+01
1.417707419361780374e+01
1.086814317299947774e+01
1.385285852242529003e+01
1.512111632565993169e+01
1.537862285289977393e+01
1.456217484397621931e+01
1.011079919714357800e+01
1.016763619572336630e+01
1.365445606169135928e+01
1.430271922706239707e+01
1.306523193732263977e+01
1.099562114257319934e+01
1.388635361843483018e+01
1.359866380799855357e+01
1.248236903261253339e+01
1.027815990932746892e+01
1.378166390924929985e+01
1.359826898925444816e+01
1.496722956349085543e+01
1.503378889891892634e+01
1.448515150999532963e+01
1.441498899470301787e+01
9.724393697824435634e+00
1.448924310190906084e+01
1.279899825808181646e+01
9.877278395899987018e+00
1.489468039998950033e+01
1.437709518002869125e+01
1.487238366857742378e+01
1.087232919851519775e+01
1.384563127833380669e+01
1.369999292951379388e+01
1.263779015779137360e+01
1.286701486041904907e+01
1.392680757681622516e+01
1.426135052858942487e+01
1.307725461185351712e+01
1.408658769839968983e+01
1.353644539146713655e+01
1.409309330911659863e+01
1.389987854481063856e+01
1.446495683074331851e+01
1.295604615416744210e+01
1.417739838769809424e+01
1.393964851110578529e+01
1.414552105070459298e+01
1.274778567059423295e+01
1.313811180569995685e+01
1.100565081531315670e+01
