6.571528853016407323e-01
5.409662310179165212e-01
4.465618617416003966e-01
1.416887535726900404e+00
1.410656827501423738e+00
7.139048064879628397e-01
4.947128710221757597e-01
1.092257556859169032e+00
9.418315609739125183e-01
1.085613312850721046e+00
2.029794703321811944e-01
6.543992588962822543e-01
6.034155508069941609e-01
9.157343710689929139e-01
8.297848204608483380e-01
1.639610672904540323e+00
1.385593741663109668e+00
1.298294899139884384e+00
5.412006156134964163e-01
9.124064534778577595e-01
6.975951582124889638e-01
5.327276903028176358e-01
1.708224592950644827e-01
8.567524528530430228e-01
7.691513527521036675e-01
1.712463924795819992e+00
4.466782662037011020e-01
1.841324961408772332e+00
7.219003381364361704e-01
7.016466031339043674e-01
6.841323100913028199e-01
5.776174585777431592e-01
9.282805463300103366e-01
9.334624520871035447e-01
9.445548148737821226e-01
9.544328682732019509e-01
4.574232795090997783e-01
9.994615796187318324e-01
1.221355302693734046e+00
7.302884895442202096e-01
1.292869386160221845e+00
5.831418021306714605e-01
7.937133164233107774e-01
3.163326837782209910e-01
1.345453254716291180e+00
5.118471630473140355e-01
8.351963389975987084e-01
8.202123796530315092e-01
5.029501228117126965e-01
1.730410986826846687e+00
2.779561790971952773e-01
8.600117850474211512e-01
1.564368557939907201e-01
4.336142342716807763e-01
1.157116385987363660e+00
2.826193420679176116e-01
2.742802805805630850e-01
6.391597381949306600e-01
7.559857245439585149e-01
8.885901317559208312e-01
7.964693233284241281e-01
1.213718121540972694e+00
4.677351699282429331e-01
3.038486317632580036e+00
9.100186978098210311e-01
8.058060678506574481e-01
1.902267285999072188e-01
5.959719233567012386e-01
2.772664471603035752e-01
1.030344874680072298e+00
2.506723242605670698e-01
1.080610430953337531e+00
1.270803486834620744e+00
9.637911412721493765e-01
5.987485079326517745e-01
4.673553989669440023e-01
1.837292529884223813e-01
1.776611701354269490e+00
1.177080770726268710e+00
7.803628500147770097e-01
8.595422217563497558e-01
9.586259904379683672e-01
7.403759184497452628e-01
8.153656712792424210e-01
5.099908702377319303e-01
8.954111863369083046e-01
7.914480878529379648e-01
7.075929715783775276e-01
1.154504696318580548e+00
1.461937165175083209e+00
1.114678952913261023e+00
1.504941823330747441e+00
7.879886268022984197e-01
2.022721293211395377e+00
8.599461949387254833e-01
9.596535805645682871e-01
7.002768947260119559e-01
8.438821133086369386e-01
5.901835509820458903e-01
1.168757495351645304e+00
1.043160497207331616e+00
7.838174639957997680e-01
6.689004111593167545e-01
8.700025446579782162e-01
1.188342455868198533e+00
6.228421566299995327e-01
8.330709361940130675e-01
6.811379000455378696e-01
8.992571436536551666e-01
8.742733180574666640e-01
6.024578000009919165e-01
2.260509494630659866e+00
1.135386466029901342e+00
1.061735117429534636e+00
9.001217314271829917e-01
5.898432648065659034e-01
9.781180326610590114e-01
6.334818492982698945e-01
